! Year   TT-UT1 (seconds)
1620   124.0
1621   119.0
1622   115.0
1623   110.0
1624   106.0
1625   102.0
1626   98.0
1627   95.0
1628   91.0
1629   88.0
1630   85.0
1631   82.0
1632   79.0
1633   77.0
1634   74.0
1635   72.0
1636   70.0
1637   67.0
1638   65.0
1639   63.0
1640   62.0
1641   60.0
1642   58.0
1643   57.0
1644   55.0
1645   54.0
1646   53.0
1647   51.0
1648   50.0
1649   49.0
1650   48.0
1651   47.0
1652   46.0
1653   45.0
1654   44.0
1655   43.0
1656   42.0
1657   41.0
1658   40.0
1659   38.0
1660   37.0
1661   36.0
1662   35.0
1663   34.0
1664   33.0
1665   32.0
1666   31.0
1667   30.0
1668   28.0
1669   27.0
1670   26.0
1671   25.0
1672   24.0
1673   23.0
1674   22.0
1675   21.0
1676   20.0
1677   19.0
1678   18.0
1679   17.0
1680   16.0
1681   15.0
1682   14.0
1683   14.0
1684   13.0
1685   12.0
1686   12.0
1687   11.0
1688   11.0
1689   10.0
1690   10.0
1691   10.0
1692   9.0
1693   9.0
1694   9.0
1695   9.0
1696   9.0
1697   9.0
1698   9.0
1699   9.0
1700   9.0
1701   9.0
1702   9.0
1703   9.0
1704   9.0
1705   9.0
1706   9.0
1707   9.0
1708   10.0
1709   10.0
1710   10.0
1711   10.0
1712   10.0
1713   10.0
1714   10.0
1715   10.0
1716   10.0
1717   11.0
1718   11.0
1719   11.0
1720   11.0
1721   11.0
1722   11.0
1723   11.0
1724   11.0
1725   11.0
1726   11.0
1727   11.0
1728   11.0
1729   11.0
1730   11.0
1731   11.0
1732   11.0
1733   11.0
1734   12.0
1735   12.0
1736   12.0
1737   12.0
1738   12.0
1739   12.0
1740   12.0
1741   12.0
1742   12.0
1743   12.0
1744   13.0
1745   13.0
1746   13.0
1747   13.0
1748   13.0
1749   13.0
1750   13.0
1751   14.0
1752   14.0
1753   14.0
1754   14.0
1755   14.0
1756   14.0
1757   14.0
1758   15.0
1759   15.0
1760   15.0
1761   15.0
1762   15.0
1763   15.0
1764   15.0
1765   16.0
1766   16.0
1767   16.0
1768   16.0
1769   16.0
1770   16.0
1771   16.0
1772   16.0
1773   16.0
1774   16.0
1775   17.0
1776   17.0
1777   17.0
1778   17.0
1779   17.0
1780   17.0
1781   17.0
1782   17.0
1783   17.0
1784   17.0
1785   17.0
1786   17.0
1787   17.0
1788   17.0
1789   17.0
1790   17.0
1791   17.0
1792   16.0
1793   16.0
1794   16.0
1795   16.0
1796   15.0
1797   15.0
1798   14.0
1799   14.0
1800   13.7
1801   13.4
1802   13.1
1803   12.9
1804   12.7
1805   12.6
1806   12.5
1807   12.5
1808   12.5
1809   12.5
1810   12.5
1811   12.5
1812   12.5
1813   12.5
1814   12.5
1815   12.5
1816   12.5
1817   12.4
1818   12.3
1819   12.2
1820   12.0
1821   11.7
1822   11.4
1823   11.1
1824   10.6
1825   10.2
1826   9.6
1827   9.1
1828   8.6
1829   8.0
1830   7.5
1831   7.0
1832   6.6
1833   6.3
1834   6.0
1835   5.8
1836   5.7
1837   5.6
1838   5.6
1839   5.6
1840   5.7
1841   5.8
1842   5.9
1843   6.1
1844   6.2
1845   6.3
1846   6.5
1847   6.6
1848   6.8
1849   6.9
1850   7.1
1851   7.2
1852   7.3
1853   7.4
1854   7.5
1855   7.6
1856   7.7
1857   7.7
1858   7.8
1859   7.8
1860   7.88
1861   7.82
1862   7.54
1863   6.97
1864   6.4
1865   6.02
1866   5.41
1867   4.1
1868   2.92
1869   1.82
1870   1.61
1871   0.1
1872   -1.02
1873   -1.28
1874   -2.69
1875   -3.24
1876   -3.64
1877   -4.54
1878   -4.71
1879   -5.11
1880   -5.4
1881   -5.42
1882   -5.2
1883   -5.46
1884   -5.46
1885   -5.79
1886   -5.63
1887   -5.64
1888   -5.8
1889   -5.66
1890   -5.87
1891   -6.01
1892   -6.19
1893   -6.64
1894   -6.44
1895   -6.47
1896   -6.09
1897   -5.76
1898   -4.66
1899   -3.74
1900   -2.72
1901   -1.54
1902   -0.02
1903   1.24
1904   2.64
1905   3.86
1906   5.37
1907   6.14
1908   7.75
1909   9.13
1910   10.46
1911   11.53
1912   13.36
1913   14.65
1914   16.01
1915   17.2
1916   18.24
1917   19.06
1918   20.25
1919   20.95
1920   21.16
1921   22.25
1922   22.41
1923   23.03
1924   23.49
1925   23.62
1926   23.86
1927   24.49
1928   24.34
1929   24.08
1930   24.02
1931   24.0
1932   23.87
1933   23.95
1934   23.86
1935   23.93
1936   23.73
1937   23.92
1938   23.96
1939   24.02
1940   24.33
1941   24.83
1942   25.3
1943   25.7
1944   26.24
1945   26.77
1946   27.28
1947   27.78
1948   28.25
1949   28.71
1950   29.15
1951   29.57
1952   29.97
1953   30.36
1954   30.72
1955   31.07
1956   31.35
1957   31.68
1958   32.18
1959   32.68
1960   33.15
1961   33.59
1962   34.0
1963   34.47
1964   35.03
1965   35.73
1966   36.54
1967   37.43
1968   38.29
1969   39.2
1970   40.18
1971   41.17
1972   42.23
1973   43.37
1974   44.49
1975   45.48
1976   46.46
1977   47.52
1978   48.53
1979   49.59
1980   50.54
1981   51.38
1982   52.17
1983   52.96
1984   53.79
1985   54.34
1986   54.87
1987   55.32
1988   55.82
1989   56.3
1990   56.86
1991   57.57
1992   58.31
1993   59.12
1994   59.98
1995   60.78
1996   61.63
1997   62.3
1998   62.97
1999   63.47
2000   63.83
2001   64.09
2002   64.3
2003   64.47
2004   64.57
2005   64.69
2006   64.85
2007   65.15
2008   65.45
2009   65.70
2010   66.5    extrapolated
2011   67.1    extrapolated
2012   68.0    extrapolated
